0110000001100010
1111110000000011
1100110001001001
0000000000000011
0010011000001001
0000010001010001
1100010011010001
1110000101100010
0100000011100010
0000000010010100
1100100111100001
1100010011001001
1111110000000001
0110000001001100
1101110000000001
0010010001001001
0010011000000001
0110000001011001
0110000001100010
1100110101110001
1101110110000000
0110000001011001
1110111011101001
1101110101111001
1111111100001000
0110000010110100
1101101110001000
0110000010110100
1111110000000011
0110000001100010
1100110001010001